1
2
6
7
9
10
12
13
14
16
17
19
22
25
26
29
30
33
36
42
44
45
47
50
51
53
56
57
59
61
62
63
64
65
66
67
68
69
70
72
73
74
75
76
78
79
80
81
82
83
85
86
87
88
89
91
92
93
95
96
97
98
100
101
104
106
108
111
112
113
114
115
117
118
119
120
121
122
123
124
125
126
127
128
129
130
131
132
133
134
135
137
138
139
140
141
143
146
153
154
158
164
166
167
169
170
171
172
174
175
176
177
178
180
181
184
188
190
191
192
201
202
203
204
205
206
207
209
211
213
215
216
218
220
224
225
226
227
228
230
231
234
237
238
240
241
243
244
249
252
253
255
256
257
258
259
260
261
262
264
265
266
267
268
269
271
286
287
289
290
291
293
294
299
302
304
311
320
321
322
323
324
325
326
328
329
330
331
333
335
337
341
342
344
346
348
349
350
351
352
355
356
359
360
361
362
363
364
366
367
368
369
371
372
373
374
375
377
378
380
381
382
383
384
386
388
390
392
393
394
396
399
403
404
406
407
409
414
416
417
419
421
424
426
427
428
432
436
438
441
444
445
446
448
449
450
451
452
453
454
455
456
457
458
459
460
461
462
463
464
465
466
467
468
471
472
473
475
476
478
479
480
481
485
486
487
489
490
492
497
499
501
503
505
507
508
509
510
511
512
513
514
515
516
517
519
520
521
522
524
525
527
529
531
532
533
534
535
536
537
538
539
540
541
542
543
544
545
546
547
548
549
551
552
553
554
555
556
557
559
561
563
564
565
566
567
569
570
571
572
573
574
575
576
577
578
579
581
582
583
584
585
586
587
588
590
591
592
594
597
598
599
600
601
602
604
605
607
608
609
611
616
617
619
621
628
638
639
641
642
648
651
655
657
658
661
667
668
670
671
673
681
683
685
686
687
688
690
692
693
695
696
699
700
701
703
704
705
706
707
708
709
711
713
714
716
721
722
731
732
733
735
738
739
740
741
742
743
744
745
746
747
748
750
751
752
754
755
756
758
759
760
761
762
763
764
766
767
769
770
771
772
773
775
776
777
778
779
781
782
783
784
785
786
787
788
789
790
793
795
797
798
799
800
801
802
804
805
806
807
808
809
810
822
827
828
829
830
833
835
836
838
839
844
845
846
847
849
850
851
853
854
855
857
858
860
861
864
865
867
868
869
870
873
874
876
877
878
879
880
881
882
884
885
886
888
889
890
891
892
894
895
896
898
899
900
901
902
903
904
905
906
909
910
912
915
917
918
919
923
924
926
927
928
929
931
932
933
934
935
936
937
938
941
942
943
944
946
947
948
949
950
951
952
953
954
956
960
961
962
963
966
968
970
971
973
974
987
988
989
991
992
994
995
996
997
998
999
1001
1002
1003
1004
1006
1007
1008
1009
1010
1011
1013
1014
1015
1016
1017
1019
1020
1021
1023
1024
1025
1027
1028
1029
1030
1031
1033
1034
1035
1036
1040
1041
1043
1044
1046
1048
1049
1050
1051
1052
1053
1054
1059
1060
1062
1063
1068
1071
1079
1081
1082
1083
1084
1085
1086
1087
1088
1089
1090
1091
1092
1094
1095
1096
1099
1104
1105
1106
1107
1108
1111
1112
1113
1114
1115
1116
1118
1120
1123
1124
1125
1126
1127
1129
1130
1131
1132
1135
1136
1138
1139
1140
1141
1143
1150
1151
1153
1154
1157
1158
1159
1160
1161
1162
1163
1165
1167
1168
1169
1170
1172
1177
1178
1179
1180
1181
1183
1184
1185
1186
1187
1188
1189
1190
1191
1193
1194
1195
1198
1200
1202
1203
1204
1206
1209
1210
1213
1215
1216
1217
1218
1219
1220
1222
1223
1225
1226
1228
1229
1233
1235
1242
1246
1248
1251
1252
1255
1256
1257
1259
1260
1262
1263
1264
1266
1267
1269
1270
1271
1272
1273
1274
1276
1277
1278
1282
1283
1284
1285
1287
1288
1289
1290
1291
1292
1293
1294
1296
1297
1298
1299
1301
1302
1304
1305
1306
1308
1309
1310
1311
1312
1313
1316
1320
1321
1322
1323
1326
1328
1329
1331
1333
1334
1336
1338
1340
1342
1345
1354
1355
1358
1360
1362
1363
1364
1366
1367
1369
1371
1372
1374
1375
1376
1377
1379
1381
1382
1383
1385
1386
1387
1389
1390
1391
1392
1393
1394
1395
1396
1397
1399
1400
1401
1403
1404
1405
1408
1415
